0.314723686393179
0.405791937075619
-0.373013183706494
0.413375856139019
0.13235924622541
-0.40245959500059
-0.221501781132952
0.0468815192049838
0.457506835434298
0.464888535199277
-0.342386918322452
0.470592781760616
0.457166948242946
-0.0146243512771588
0.3002804688888
-0.358113661372785
-0.078238717373725
0.415735525189067
0.292207329559554
0.459492426392903
0.155740699156587
-0.46428832142581
0.349129305868777
0.433993247757551
0.178735154857773
0.257740130578333
0.243132468124916
-0.107772980465832
0.155477890177557
-0.328813312188438
